make a list of all the beats with punch
within a range near the beat ask if input
if input, mark inputed
make sucuss if within smaller window
if inputed, don't ask for more input
if fail, play fail animation
if sucess play punchy
count sucsesses
reset inputed before next punch

24,28,32,40,44,48,56,60,64,68,72,76,80,81,84

16,19,24,27,32,35,40,43,48,56,64,80,88,96,112,120,128,136,144,152,160,163,168,171,176,184,192,195,208,216,224,227,240,248,251,256,264,267,272,280,283,285,287,30416,19,24,27,32,35,40,43,48,56,64,80,88,96,112,120,128,136,144,152,160,163,168,171,176,184,192,195,208,216,224,227,240,248,251,256,264,267,272,280,283,285,287,304,320,336,352,355,368,376,379,384,392,395,400,416,422,424,427,430,432,435,438,440,443,446,448,451,458,460,462,464,472,480,488,492,494,496,499,502,504,507,510,512,515,522,524,526,528,533,534,535,538,539,541,543,549,550,551,554,555,557,559